[        0  13919195  27385780  27643243  29499216  30986056  44071148
  44095723  44464381  45226229  45459697  46528709  47179979  48089359
  48568633  54808206  60979997  62159369  65549775  65598899  69825842
  69997979  70047055  70194498  70784251  71103722  71202021  71570693
  72258539  74101741  74335088  74765383  77100069  77149239  78242458
  78648163  79557467  80221013  80294749  80810605  81375909  82580161
  82825709  86707079 115072535 118429046 123135085 123331688 128160231
 128774493 130321389]

7*7 + 2 = 51


